[banner.JPG]
filters=unsharp2=1,3.000000;
moddate=00e6e8d3373cd301
width=2500
height=1660
textactive=0
[pic03.jpg]
filters=enhance=1;finetune2=1,0.233918,0.042105,0.078596,00000000,0.000000;
moddate=0028c5da3a3cd301
width=1024
height=768
textactive=0
[pic06.jpg]
filters=finetune2=1,0.093567,0.095439,0.033684,00000000,0.000000;crop64=1,1191a9cffffffff;
moddate=00bfb63d3b3cd301
width=700
height=481
textactive=0
crop=rect64(1191a9cffffffff)
[IMG_2857.JPG]
filters=crop64=1,3000ffffffff;
crop=rect64(3000ffffffff)
moddate=0082540e3c3cd301
width=1024
height=768
textactive=0
